35 generic
0 0 5
0 1 2
0 2 5
0 3 2
0 4 0
0 5 1
0 6 0
0 7 5
0 8 0
0 9 3
0 10 0
0 11 3
0 12 1
0 13 0
0 14 1
0 15 4
0 16 0
0 17 0
0 18 2
0 19 2
0 20 0
0 21 2
0 22 5
0 23 4
0 24 1
0 25 0
0 26 1
0 27 5
0 28 3
0 29 2
0 30 0
0 31 4
0 32 0
0 33 0
0 34 0
1 0 4
1 1 5
1 2 2
1 3 0
1 4 0
1 5 0
1 6 4
1 7 5
1 8 1
1 9 3
1 10 1
1 11 4
1 12 1
1 13 3
1 14 0
1 15 3
1 16 2
1 17 4
1 18 0
1 19 5
1 20 0
1 21 3
1 22 5
1 23 4
1 24 2
1 25 0
1 26 2
1 27 3
1 28 5
1 29 5
1 30 1
1 31 5
1 32 0
1 33 1
1 34 0
2 0 4
2 1 1
2 2 2
2 3 3
2 4 1
2 5 5
2 6 3
2 7 3
2 8 1
2 9 5
2 10 4
2 11 5
2 12 0
2 13 4
2 14 2
2 15 0
2 16 2
2 17 4
2 18 3
2 19 5
2 20 1
2 21 0
2 22 5
2 23 4
2 24 0
2 25 5
2 26 0
2 27 1
2 28 0
2 29 4
2 30 4
2 31 0
2 32 4
2 33 3
2 34 2
3 0 4
3 1 3
3 2 5
3 3 0
3 4 2
3 5 1
3 6 5
3 7 0
3 8 1
3 9 1
3 10 4
3 11 4
3 12 4
3 13 3
3 14 1
3 15 0
3 16 2
3 17 5
3 18 2
3 19 4
3 20 1
3 21 0
3 22 2
3 23 3
3 24 3
3 25 3
3 26 2
3 27 3
3 28 0
3 29 0
3 30 0
3 31 3
3 32 2
3 33 2
3 34 2
4 0 4
4 1 3
4 2 0
4 3 5
4 4 3
4 5 4
4 6 4
4 7 1
4 8 3
4 9 3
4 10 0
4 11 1
4 12 5
4 13 0
4 14 0
4 15 0
4 16 2
4 17 3
4 18 2
4 19 0
4 20 2
4 21 4
4 22 4
4 23 0
4 24 2
4 25 3
4 26 4
4 27 4
4 28 4
4 29 2
4 30 0
4 31 4
4 32 0
4 33 5
4 34 0
5 0 0
5 1 2
5 2 2
5 3 2
5 4 3
5 5 2
5 6 1
5 7 4
5 8 3
5 9 0
5 10 3
5 11 2
5 12 5
5 13 2
5 14 3
5 15 5
5 16 2
5 17 3
5 18 0
5 19 2
5 20 3
5 21 1
5 22 2
5 23 2
5 24 5
5 25 0
5 26 1
5 27 4
5 28 2
5 29 2
5 30 0
5 31 4
5 32 2
5 33 2
5 34 3
6 0 3
6 1 1
6 2 5
6 3 4
6 4 5
6 5 2
6 6 3
6 7 0
6 8 2
6 9 1
6 10 4
6 11 0
6 12 4
6 13 3
6 14 3
6 15 0
6 16 5
6 17 0
6 18 5
6 19 3
6 20 2
6 21 1
6 22 2
6 23 4
6 24 4
6 25 2
6 26 2
6 27 0
6 28 4
6 29 5
6 30 4
6 31 4
6 32 2
6 33 0
6 34 4
7 0 0
7 1 4
7 2 0
7 3 1
7 4 3
7 5 4
7 6 3
7 7 3
7 8 0
7 9 4
7 10 3
7 11 2
7 12 3
7 13 0
7 14 1
7 15 3
7 16 5
7 17 0
7 18 3
7 19 4
7 20 5
7 21 0
7 22 4
7 23 1
7 24 4
7 25 5
7 26 3
7 27 1
7 28 5
7 29 1
7 30 0
7 31 3
7 32 3
7 33 0
7 34 4
8 0 0
8 1 5
8 2 3
8 3 0
8 4 4
8 5 0
8 6 1
8 7 0
8 8 5
8 9 0
8 10 0
8 11 2
8 12 3
8 13 0
8 14 1
8 15 3
8 16 0
8 17 0
8 18 2
8 19 1
8 20 4
8 21 2
8 22 4
8 23 2
8 24 3
8 25 0
8 26 4
8 27 0
8 28 0
8 29 5
8 30 5
8 31 1
8 32 4
8 33 4
8 34 4
9 0 5
9 1 0
9 2 0
9 3 0
9 4 4
9 5 4
9 6 3
9 7 1
9 8 5
9 9 1
9 10 2
9 11 4
9 12 3
9 13 5
9 14 3
9 15 0
9 16 1
9 17 3
9 18 2
9 19 1
9 20 1
9 21 2
9 22 1
9 23 0
9 24 3
9 25 3
9 26 1
9 27 4
9 28 3
9 29 1
9 30 5
9 31 0
9 32 4
9 33 3
9 34 4
10 0 0
10 1 5
10 2 0
10 3 0
10 4 3
10 5 3
10 6 4
10 7 1
10 8 3
10 9 2
10 10 1
10 11 5
10 12 3
10 13 0
10 14 2
10 15 5
10 16 5
10 17 2
10 18 4
10 19 1
10 20 1
10 21 4
10 22 3
10 23 5
10 24 2
10 25 2
10 26 3
10 27 3
10 28 0
10 29 0
10 30 4
10 31 2
10 32 1
10 33 3
10 34 2
11 0 5
11 1 4
11 2 0
11 3 4
11 4 0
11 5 0
11 6 5
11 7 0
11 8 0
11 9 2
11 10 3
11 11 4
11 12 1
11 13 0
11 14 1
11 15 0
11 16 3
11 17 1
11 18 0
11 19 0
11 20 2
11 21 0
11 22 0
11 23 4
11 24 4
11 25 4
11 26 5
11 27 3
11 28 3
11 29 0
11 30 1
11 31 3
11 32 0
11 33 5
11 34 1
12 0 1
12 1 0
12 2 0
12 3 2
12 4 4
12 5 5
12 6 3
12 7 4
12 8 1
12 9 4
12 10 1
12 11 5
12 12 3
12 13 3
12 14 4
12 15 5
12 16 0
12 17 0
12 18 0
12 19 0
12 20 0
12 21 2
12 22 0
12 23 0
12 24 0
12 25 2
12 26 1
12 27 2
12 28 2
12 29 0
12 30 5
12 31 0
12 32 0
12 33 4
12 34 4
13 0 1
13 1 4
13 2 1
13 3 2
13 4 0
13 5 5
13 6 1
13 7 2
13 8 0
13 9 3
13 10 0
13 11 0
13 12 0
13 13 2
13 14 3
13 15 2
13 16 4
13 17 0
13 18 3
13 19 4
13 20 3
13 21 4
13 22 1
13 23 0
13 24 1
13 25 0
13 26 4
13 27 2
13 28 1
13 29 0
13 30 4
13 31 2
13 32 0
13 33 0
13 34 2
14 0 1
14 1 1
14 2 0
14 3 0
14 4 0
14 5 1
14 6 5
14 7 0
14 8 5
14 9 2
14 10 4
14 11 1
14 12 0
14 13 0
14 14 0
14 15 2
14 16 0
14 17 0
14 18 3
14 19 4
14 20 0
14 21 3
14 22 0
14 23 5
14 24 4
14 25 3
14 26 0
14 27 0
14 28 5
14 29 5
14 30 2
14 31 0
14 32 1
14 33 2
14 34 2
15 0 0
15 1 1
15 2 4
15 3 0
15 4 4
15 5 0
15 6 0
15 7 2
15 8 3
15 9 4
15 10 3
15 11 4
15 12 1
15 13 3
15 14 3
15 15 5
15 16 0
15 17 2
15 18 1
15 19 0
15 20 0
15 21 3
15 22 2
15 23 2
15 24 4
15 25 5
15 26 2
15 27 1
15 28 2
15 29 0
15 30 5
15 31 5
15 32 5
15 33 3
15 34 3
16 0 3
16 1 0
16 2 1
16 3 4
16 4 2
16 5 0
16 6 2
16 7 1
16 8 0
16 9 0
16 10 0
16 11 3
16 12 2
16 13 5
16 14 1
16 15 0
16 16 2
16 17 3
16 18 0
16 19 2
16 20 0
16 21 4
16 22 3
16 23 4
16 24 1
16 25 1
16 26 3
16 27 1
16 28 4
16 29 0
16 30 0
16 31 4
16 32 0
16 33 2
16 34 4
17 0 0
17 1 5
17 2 4
17 3 2
17 4 5
17 5 2
17 6 4
17 7 0
17 8 0
17 9 5
17 10 2
17 11 5
17 12 1
17 13 5
17 14 3
17 15 0
17 16 2
17 17 5
17 18 0
17 19 0
17 20 3
17 21 3
17 22 0
17 23 2
17 24 0
17 25 2
17 26 0
17 27 2
17 28 0
17 29 4
17 30 1
17 31 3
17 32 2
17 33 0
17 34 0
18 0 4
18 1 3
18 2 2
18 3 5
18 4 3
18 5 2
18 6 3
18 7 5
18 8 3
18 9 3
18 10 0
18 11 3
18 12 5
18 13 4
18 14 1
18 15 0
18 16 1
18 17 3
18 18 2
18 19 0
18 20 3
18 21 2
18 22 4
18 23 0
18 24 0
18 25 4
18 26 0
18 27 5
18 28 2
18 29 0
18 30 2
18 31 4
18 32 2
18 33 0
18 34 2
19 0 1
19 1 1
19 2 0
19 3 1
19 4 5
19 5 1
19 6 3
19 7 5
19 8 1
19 9 4
19 10 4
19 11 2
19 12 2
19 13 0
19 14 0
19 15 2
19 16 1
19 17 3
19 18 1
19 19 5
19 20 1
19 21 1
19 22 5
19 23 0
19 24 4
19 25 5
19 26 0
19 27 2
19 28 5
19 29 2
19 30 1
19 31 2
19 32 0
19 33 0
19 34 4
20 0 5
20 1 3
20 2 1
20 3 5
20 4 0
20 5 1
20 6 4
20 7 0
20 8 4
20 9 2
20 10 3
20 11 2
20 12 2
20 13 0
20 14 4
20 15 0
20 16 2
20 17 4
20 18 4
20 19 2
20 20 5
20 21 1
20 22 1
20 23 0
20 24 1
20 25 5
20 26 4
20 27 3
20 28 2
20 29 0
20 30 1
20 31 3
20 32 5
20 33 3
20 34 4
21 0 3
21 1 3
21 2 2
21 3 5
21 4 3
21 5 0
21 6 1
21 7 0
21 8 1
21 9 4
21 10 2
21 11 2
21 12 5
21 13 0
21 14 4
21 15 3
21 16 0
21 17 0
21 18 3
21 19 3
21 20 4
21 21 2
21 22 0
21 23 2
21 24 2
21 25 1
21 26 5
21 27 0
21 28 3
21 29 2
21 30 2
21 31 2
21 32 0
21 33 0
21 34 4
22 0 0
22 1 1
22 2 4
22 3 3
22 4 3
22 5 1
22 6 1
22 7 5
22 8 1
22 9 0
22 10 1
22 11 4
22 12 2
22 13 5
22 14 3
22 15 3
22 16 3
22 17 0
22 18 2
22 19 4
22 20 0
22 21 3
22 22 5
22 23 0
22 24 0
22 25 0
22 26 3
22 27 1
22 28 4
22 29 5
22 30 4
22 31 1
22 32 0
22 33 5
22 34 1
23 0 4
23 1 5
23 2 1
23 3 5
23 4 1
23 5 0
23 6 5
23 7 1
23 8 2
23 9 2
23 10 0
23 11 1
23 12 5
23 13 4
23 14 2
23 15 3
23 16 3
23 17 1
23 18 5
23 19 0
23 20 1
23 21 4
23 22 3
23 23 0
23 24 5
23 25 0
23 26 4
23 27 3
23 28 0
23 29 1
23 30 0
23 31 0
23 32 0
23 33 4
23 34 3
24 0 2
24 1 5
24 2 2
24 3 2
24 4 3
24 5 1
24 6 0
24 7 5
24 8 1
24 9 1
24 10 1
24 11 1
24 12 5
24 13 0
24 14 3
24 15 5
24 16 5
24 17 3
24 18 4
24 19 0
24 20 5
24 21 5
24 22 2
24 23 0
24 24 4
24 25 0
24 26 0
24 27 0
24 28 5
24 29 1
24 30 3
24 31 1
24 32 0
24 33 4
24 34 2
25 0 5
25 1 1
25 2 1
25 3 4
25 4 3
25 5 4
25 6 2
25 7 4
25 8 2
25 9 1
25 10 4
25 11 2
25 12 3
25 13 5
25 14 5
25 15 0
25 16 4
25 17 3
25 18 3
25 19 0
25 20 5
25 21 0
25 22 1
25 23 0
25 24 0
25 25 0
25 26 2
25 27 0
25 28 3
25 29 2
25 30 4
25 31 0
25 32 0
25 33 5
25 34 5
26 0 1
26 1 0
26 2 3
26 3 3
26 4 1
26 5 1
26 6 5
26 7 3
26 8 5
26 9 4
26 10 1
26 11 3
26 12 4
26 13 0
26 14 0
26 15 5
26 16 4
26 17 5
26 18 1
26 19 5
26 20 2
26 21 2
26 22 2
26 23 3
26 24 0
26 25 2
26 26 3
26 27 3
26 28 3
26 29 1
26 30 2
26 31 4
26 32 5
26 33 1
26 34 1
27 0 4
27 1 0
27 2 5
27 3 4
27 4 0
27 5 0
27 6 2
27 7 5
27 8 1
27 9 3
27 10 2
27 11 3
27 12 1
27 13 2
27 14 3
27 15 0
27 16 2
27 17 2
27 18 1
27 19 3
27 20 2
27 21 3
27 22 4
27 23 1
27 24 5
27 25 3
27 26 5
27 27 3
27 28 5
27 29 4
27 30 5
27 31 0
27 32 3
27 33 3
27 34 4
28 0 3
28 1 5
28 2 0
28 3 4
28 4 2
28 5 0
28 6 0
28 7 0
28 8 0
28 9 0
28 10 4
28 11 4
28 12 0
28 13 4
28 14 2
28 15 0
28 16 4
28 17 0
28 18 0
28 19 0
28 20 0
28 21 4
28 22 1
28 23 5
28 24 0
28 25 0
28 26 1
28 27 4
28 28 0
28 29 5
28 30 2
28 31 1
28 32 3
28 33 2
28 34 0
29 0 4
29 1 0
29 2 2
29 3 5
29 4 5
29 5 1
29 6 1
29 7 3
29 8 5
29 9 3
29 10 5
29 11 1
29 12 0
29 13 3
29 14 2
29 15 1
29 16 3
29 17 3
29 18 5
29 19 2
29 20 5
29 21 4
29 22 0
29 23 3
29 24 3
29 25 3
29 26 1
29 27 3
29 28 5
29 29 5
29 30 3
29 31 4
29 32 5
29 33 4
29 34 3
30 0 2
30 1 5
30 2 2
30 3 4
30 4 2
30 5 5
30 6 5
30 7 2
30 8 2
30 9 0
30 10 0
30 11 5
30 12 0
30 13 5
30 14 0
30 15 0
30 16 4
30 17 5
30 18 1
30 19 3
30 20 0
30 21 3
30 22 4
30 23 3
30 24 1
30 25 4
30 26 5
30 27 3
30 28 4
30 29 0
30 30 4
30 31 5
30 32 5
30 33 0
30 34 4
31 0 1
31 1 2
31 2 5
31 3 3
31 4 0
31 5 5
31 6 1
31 7 3
31 8 2
31 9 2
31 10 4
31 11 3
31 12 4
31 13 2
31 14 2
31 15 3
31 16 2
31 17 4
31 18 1
31 19 1
31 20 2
31 21 2
31 22 0
31 23 1
31 24 0
31 25 0
31 26 1
31 27 1
31 28 0
31 29 4
31 30 1
31 31 2
31 32 2
31 33 2
31 34 0
32 0 5
32 1 3
32 2 4
32 3 2
32 4 3
32 5 4
32 6 4
32 7 2
32 8 2
32 9 5
32 10 2
32 11 0
32 12 0
32 13 5
32 14 0
32 15 0
32 16 3
32 17 5
32 18 0
32 19 0
32 20 2
32 21 3
32 22 4
32 23 5
32 24 3
32 25 5
32 26 0
32 27 3
32 28 5
32 29 1
32 30 1
32 31 0
32 32 2
32 33 5
32 34 0
33 0 1
33 1 4
33 2 4
33 3 0
33 4 3
33 5 1
33 6 3
33 7 2
33 8 1
33 9 2
33 10 0
33 11 2
33 12 3
33 13 2
33 14 0
33 15 0
33 16 0
33 17 0
33 18 4
33 19 4
33 20 0
33 21 2
33 22 0
33 23 2
33 24 5
33 25 5
33 26 0
33 27 4
33 28 2
33 29 5
33 30 3
33 31 4
33 32 4
33 33 1
33 34 1
34 0 3
34 1 1
34 2 2
34 3 1
34 4 0
34 5 0
34 6 1
34 7 1
34 8 0
34 9 1
34 10 5
34 11 0
34 12 0
34 13 5
34 14 2
34 15 5
34 16 3
34 17 0
34 18 5
34 19 3
34 20 2
34 21 5
34 22 3
34 23 0
34 24 3
34 25 0
34 26 5
34 27 3
34 28 1
34 29 4
34 30 0
34 31 5
34 32 0
34 33 1
34 34 0
