36 generic
0 0 2
0 1 2
0 2 0
0 3 3
0 4 0
0 5 0
0 6 0
0 7 0
0 8 3
0 9 2
0 10 0
0 11 0
0 12 0
0 13 0
0 14 0
0 15 0
0 16 0
0 17 4
0 18 3
0 19 0
0 20 5
0 21 5
0 22 3
0 23 0
0 24 0
0 25 0
0 26 4
0 27 2
0 28 0
0 29 0
0 30 3
0 31 4
0 32 0
0 33 3
0 34 4
0 35 0
1 0 0
1 1 1
1 2 3
1 3 1
1 4 0
1 5 0
1 6 0
1 7 0
1 8 0
1 9 0
1 10 0
1 11 5
1 12 0
1 13 3
1 14 4
1 15 0
1 16 3
1 17 0
1 18 0
1 19 3
1 20 0
1 21 0
1 22 1
1 23 0
1 24 0
1 25 0
1 26 0
1 27 0
1 28 3
1 29 3
1 30 0
1 31 0
1 32 0
1 33 0
1 34 0
1 35 3
2 0 0
2 1 2
2 2 0
2 3 0
2 4 3
2 5 1
2 6 0
2 7 0
2 8 0
2 9 1
2 10 0
2 11 2
2 12 0
2 13 2
2 14 0
2 15 5
2 16 5
2 17 0
2 18 5
2 19 0
2 20 0
2 21 0
2 22 3
2 23 0
2 24 4
2 25 0
2 26 0
2 27 4
2 28 0
2 29 0
2 30 0
2 31 0
2 32 5
2 33 5
2 34 0
2 35 0
3 0 0
3 1 0
3 2 5
3 3 3
3 4 0
3 5 0
3 6 0
3 7 5
3 8 0
3 9 2
3 10 0
3 11 3
3 12 4
3 13 0
3 14 4
3 15 5
3 16 3
3 17 4
3 18 5
3 19 2
3 20 0
3 21 0
3 22 4
3 23 4
3 24 1
3 25 0
3 26 2
3 27 0
3 28 0
3 29 0
3 30 0
3 31 3
3 32 1
3 33 4
3 34 0
3 35 0
4 0 0
4 1 0
4 2 0
4 3 4
4 4 5
4 5 0
4 6 0
4 7 0
4 8 5
4 9 0
4 10 0
4 11 0
4 12 4
4 13 4
4 14 0
4 15 3
4 16 1
4 17 5
4 18 5
4 19 0
4 20 2
4 21 4
4 22 2
4 23 1
4 24 0
4 25 0
4 26 0
4 27 2
4 28 4
4 29 2
4 30 4
4 31 0
4 32 0
4 33 0
4 34 3
4 35 0
5 0 0
5 1 0
5 2 0
5 3 0
5 4 0
5 5 0
5 6 0
5 7 0
5 8 0
5 9 0
5 10 3
5 11 3
5 12 4
5 13 5
5 14 1
5 15 0
5 16 2
5 17 0
5 18 4
5 19 0
5 20 5
5 21 2
5 22 0
5 23 0
5 24 3
5 25 0
5 26 0
5 27 1
5 28 3
5 29 4
5 30 0
5 31 1
5 32 5
5 33 1
5 34 2
5 35 5
6 0 0
6 1 0
6 2 3
6 3 5
6 4 0
6 5 0
6 6 4
6 7 0
6 8 4
6 9 2
6 10 3
6 11 3
6 12 0
6 13 0
6 14 2
6 15 1
6 16 3
6 17 0
6 18 1
6 19 5
6 20 0
6 21 0
6 22 5
6 23 0
6 24 2
6 25 0
6 26 4
6 27 5
6 28 2
6 29 0
6 30 2
6 31 0
6 32 3
6 33 1
6 34 2
6 35 1
7 0 0
7 1 2
7 2 0
7 3 0
7 4 5
7 5 0
7 6 0
7 7 2
7 8 2
7 9 2
7 10 0
7 11 0
7 12 0
7 13 0
7 14 0
7 15 3
7 16 5
7 17 5
7 18 0
7 19 4
7 20 0
7 21 4
7 22 0
7 23 4
7 24 0
7 25 0
7 26 0
7 27 0
7 28 0
7 29 3
7 30 0
7 31 5
7 32 3
7 33 4
7 34 1
7 35 0
8 0 5
8 1 0
8 2 1
8 3 3
8 4 0
8 5 0
8 6 0
8 7 4
8 8 4
8 9 4
8 10 0
8 11 4
8 12 0
8 13 1
8 14 0
8 15 0
8 16 0
8 17 3
8 18 4
8 19 3
8 20 5
8 21 0
8 22 2
8 23 0
8 24 0
8 25 2
8 26 0
8 27 0
8 28 2
8 29 0
8 30 5
8 31 0
8 32 0
8 33 0
8 34 0
8 35 0
9 0 2
9 1 0
9 2 4
9 3 5
9 4 4
9 5 0
9 6 5
9 7 3
9 8 0
9 9 0
9 10 0
9 11 3
9 12 0
9 13 0
9 14 3
9 15 0
9 16 0
9 17 1
9 18 0
9 19 2
9 20 0
9 21 5
9 22 0
9 23 4
9 24 5
9 25 0
9 26 3
9 27 0
9 28 0
9 29 0
9 30 3
9 31 3
9 32 0
9 33 0
9 34 4
9 35 3
10 0 0
10 1 3
10 2 3
10 3 0
10 4 4
10 5 0
10 6 4
10 7 0
10 8 0
10 9 0
10 10 0
10 11 1
10 12 1
10 13 2
10 14 0
10 15 3
10 16 5
10 17 4
10 18 4
10 19 0
10 20 4
10 21 0
10 22 0
10 23 0
10 24 1
10 25 3
10 26 0
10 27 4
10 28 5
10 29 2
10 30 0
10 31 0
10 32 2
10 33 5
10 34 5
10 35 1
11 0 1
11 1 0
11 2 0
11 3 2
11 4 2
11 5 0
11 6 4
11 7 3
11 8 0
11 9 4
11 10 1
11 11 1
11 12 0
11 13 1
11 14 3
11 15 0
11 16 2
11 17 3
11 18 3
11 19 5
11 20 0
11 21 0
11 22 1
11 23 0
11 24 1
11 25 0
11 26 0
11 27 0
11 28 0
11 29 0
11 30 0
11 31 0
11 32 4
11 33 0
11 34 2
11 35 2
12 0 0
12 1 0
12 2 2
12 3 5
12 4 2
12 5 0
12 6 0
12 7 1
12 8 0
12 9 2
12 10 4
12 11 2
12 12 5
12 13 0
12 14 0
12 15 3
12 16 3
12 17 4
12 18 1
12 19 0
12 20 3
12 21 5
12 22 3
12 23 2
12 24 0
12 25 2
12 26 0
12 27 0
12 28 0
12 29 0
12 30 2
12 31 0
12 32 0
12 33 0
12 34 1
12 35 0
13 0 3
13 1 4
13 2 0
13 3 0
13 4 0
13 5 0
13 6 0
13 7 0
13 8 2
13 9 0
13 10 0
13 11 0
13 12 0
13 13 0
13 14 0
13 15 0
13 16 0
13 17 0
13 18 0
13 19 5
13 20 1
13 21 0
13 22 0
13 23 0
13 24 0
13 25 1
13 26 4
13 27 0
13 28 0
13 29 5
13 30 0
13 31 0
13 32 0
13 33 3
13 34 0
13 35 3
14 0 2
14 1 0
14 2 3
14 3 0
14 4 1
14 5 0
14 6 1
14 7 4
14 8 0
14 9 5
14 10 0
14 11 3
14 12 0
14 13 2
14 14 0
14 15 3
14 16 0
14 17 0
14 18 5
14 19 2
14 20 0
14 21 0
14 22 4
14 23 1
14 24 0
14 25 0
14 26 0
14 27 0
14 28 0
14 29 0
14 30 0
14 31 0
14 32 3
14 33 5
14 34 2
14 35 3
15 0 3
15 1 4
15 2 0
15 3 5
15 4 0
15 5 2
15 6 5
15 7 3
15 8 3
15 9 0
15 10 0
15 11 1
15 12 0
15 13 0
15 14 0
15 15 0
15 16 2
15 17 0
15 18 3
15 19 4
15 20 0
15 21 5
15 22 2
15 23 4
15 24 0
15 25 0
15 26 0
15 27 0
15 28 2
15 29 2
15 30 4
15 31 0
15 32 2
15 33 4
15 34 0
15 35 0
16 0 0
16 1 0
16 2 3
16 3 3
16 4 0
16 5 1
16 6 4
16 7 5
16 8 1
16 9 0
16 10 3
16 11 2
16 12 0
16 13 3
16 14 1
16 15 0
16 16 2
16 17 1
16 18 4
16 19 5
16 20 0
16 21 3
16 22 5
16 23 2
16 24 0
16 25 0
16 26 3
16 27 0
16 28 0
16 29 2
16 30 5
16 31 0
16 32 4
16 33 0
16 34 0
16 35 1
17 0 1
17 1 5
17 2 0
17 3 5
17 4 0
17 5 4
17 6 5
17 7 5
17 8 3
17 9 4
17 10 0
17 11 0
17 12 3
17 13 0
17 14 0
17 15 2
17 16 0
17 17 0
17 18 4
17 19 3
17 20 0
17 21 3
17 22 0
17 23 0
17 24 0
17 25 0
17 26 4
17 27 0
17 28 1
17 29 3
17 30 2
17 31 1
17 32 0
17 33 0
17 34 4
17 35 0
18 0 3
18 1 2
18 2 1
18 3 1
18 4 0
18 5 5
18 6 0
18 7 5
18 8 0
18 9 0
18 10 5
18 11 3
18 12 0
18 13 0
18 14 0
18 15 0
18 16 4
18 17 4
18 18 0
18 19 4
18 20 0
18 21 1
18 22 0
18 23 1
18 24 0
18 25 2
18 26 0
18 27 2
18 28 0
18 29 0
18 30 3
18 31 3
18 32 1
18 33 0
18 34 0
18 35 0
19 0 2
19 1 0
19 2 2
19 3 0
19 4 0
19 5 1
19 6 2
19 7 0
19 8 0
19 9 0
19 10 0
19 11 4
19 12 3
19 13 0
19 14 4
19 15 0
19 16 3
19 17 3
19 18 0
19 19 0
19 20 0
19 21 2
19 22 5
19 23 0
19 24 1
19 25 0
19 26 0
19 27 4
19 28 1
19 29 0
19 30 0
19 31 1
19 32 0
19 33 0
19 34 2
19 35 0
20 0 2
20 1 5
20 2 5
20 3 0
20 4 0
20 5 0
20 6 0
20 7 0
20 8 0
20 9 0
20 10 4
20 11 1
20 12 0
20 13 4
20 14 3
20 15 0
20 16 0
20 17 0
20 18 3
20 19 0
20 20 0
20 21 0
20 22 1
20 23 0
20 24 3
20 25 0
20 26 2
20 27 1
20 28 2
20 29 2
20 30 3
20 31 0
20 32 2
20 33 0
20 34 0
20 35 1
21 0 1
21 1 5
21 2 0
21 3 0
21 4 1
21 5 0
21 6 0
21 7 2
21 8 4
21 9 0
21 10 0
21 11 3
21 12 0
21 13 1
21 14 5
21 15 0
21 16 0
21 17 3
21 18 5
21 19 4
21 20 0
21 21 0
21 22 0
21 23 0
21 24 2
21 25 0
21 26 0
21 27 3
21 28 4
21 29 3
21 30 0
21 31 0
21 32 0
21 33 0
21 34 2
21 35 3
22 0 2
22 1 0
22 2 0
22 3 0
22 4 0
22 5 4
22 6 5
22 7 1
22 8 4
22 9 1
22 10 4
22 11 0
22 12 4
22 13 3
22 14 5
22 15 0
22 16 0
22 17 0
22 18 2
22 19 0
22 20 3
22 21 1
22 22 0
22 23 0
22 24 2
22 25 0
22 26 0
22 27 0
22 28 4
22 29 2
22 30 5
22 31 0
22 32 4
22 33 3
22 34 0
22 35 0
23 0 5
23 1 0
23 2 4
23 3 2
23 4 1
23 5 4
23 6 0
23 7 0
23 8 0
23 9 0
23 10 4
23 11 4
23 12 5
23 13 1
23 14 0
23 15 0
23 16 2
23 17 0
23 18 0
23 19 0
23 20 0
23 21 4
23 22 3
23 23 0
23 24 0
23 25 5
23 26 4
23 27 2
23 28 0
23 29 0
23 30 3
23 31 4
23 32 3
23 33 2
23 34 0
23 35 4
24 0 4
24 1 0
24 2 0
24 3 0
24 4 1
24 5 0
24 6 0
24 7 0
24 8 0
24 9 0
24 10 0
24 11 0
24 12 5
24 13 0
24 14 0
24 15 0
24 16 0
24 17 1
24 18 4
24 19 0
24 20 5
24 21 0
24 22 2
24 23 0
24 24 0
24 25 0
24 26 1
24 27 0
24 28 3
24 29 0
24 30 2
24 31 0
24 32 0
24 33 5
24 34 0
24 35 1
25 0 0
25 1 5
25 2 2
25 3 0
25 4 0
25 5 1
25 6 2
25 7 0
25 8 5
25 9 0
25 10 0
25 11 4
25 12 5
25 13 4
25 14 1
25 15 0
25 16 0
25 17 3
25 18 5
25 19 2
25 20 2
25 21 2
25 22 0
25 23 2
25 24 0
25 25 3
25 26 0
25 27 5
25 28 2
25 29 5
25 30 3
25 31 0
25 32 0
25 33 0
25 34 0
25 35 4
26 0 0
26 1 2
26 2 0
26 3 0
26 4 0
26 5 2
26 6 4
26 7 0
26 8 0
26 9 0
26 10 0
26 11 3
26 12 3
26 13 5
26 14 0
26 15 1
26 16 2
26 17 0
26 18 4
26 19 0
26 20 0
26 21 0
26 22 1
26 23 0
26 24 1
26 25 3
26 26 0
26 27 4
26 28 0
26 29 4
26 30 5
26 31 3
26 32 2
26 33 2
26 34 0
26 35 5
27 0 1
27 1 0
27 2 5
27 3 0
27 4 3
27 5 1
27 6 0
27 7 4
27 8 0
27 9 0
27 10 3
27 11 3
27 12 5
27 13 0
27 14 0
27 15 2
27 16 3
27 17 0
27 18 0
27 19 0
27 20 0
27 21 4
27 22 4
27 23 0
27 24 4
27 25 2
27 26 0
27 27 0
27 28 0
27 29 0
27 30 0
27 31 2
27 32 0
27 33 1
27 34 1
27 35 0
28 0 5
28 1 1
28 2 1
28 3 0
28 4 0
28 5 3
28 6 0
28 7 1
28 8 0
28 9 0
28 10 1
28 11 0
28 12 0
28 13 0
28 14 5
28 15 0
28 16 3
28 17 0
28 18 3
28 19 0
28 20 2
28 21 0
28 22 0
28 23 0
28 24 2
28 25 0
28 26 1
28 27 0
28 28 0
28 29 0
28 30 0
28 31 0
28 32 0
28 33 5
28 34 3
28 35 3
29 0 0
29 1 0
29 2 0
29 3 0
29 4 2
29 5 3
29 6 1
29 7 0
29 8 0
29 9 0
29 10 0
29 11 0
29 12 0
29 13 0
29 14 0
29 15 0
29 16 0
29 17 2
29 18 2
29 19 0
29 20 3
29 21 2
29 22 0
29 23 0
29 24 0
29 25 0
29 26 0
29 27 1
29 28 3
29 29 5
29 30 1
29 31 0
29 32 2
29 33 0
29 34 5
29 35 1
30 0 0
30 1 2
30 2 5
30 3 0
30 4 2
30 5 0
30 6 1
30 7 0
30 8 2
30 9 1
30 10 4
30 11 2
30 12 5
30 13 3
30 14 0
30 15 0
30 16 1
30 17 3
30 18 1
30 19 0
30 20 0
30 21 1
30 22 4
30 23 1
30 24 4
30 25 0
30 26 5
30 27 0
30 28 0
30 29 4
30 30 2
30 31 0
30 32 0
30 33 2
30 34 0
30 35 0
31 0 2
31 1 2
31 2 0
31 3 2
31 4 0
31 5 2
31 6 0
31 7 0
31 8 0
31 9 0
31 10 4
31 11 4
31 12 0
31 13 0
31 14 0
31 15 4
31 16 2
31 17 0
31 18 0
31 19 0
31 20 0
31 21 1
31 22 2
31 23 0
31 24 4
31 25 1
31 26 0
31 27 0
31 28 0
31 29 0
31 30 0
31 31 0
31 32 0
31 33 5
31 34 0
31 35 0
32 0 0
32 1 0
32 2 0
32 3 1
32 4 0
32 5 4
32 6 0
32 7 3
32 8 3
32 9 0
32 10 0
32 11 0
32 12 0
32 13 0
32 14 5
32 15 0
32 16 0
32 17 4
32 18 3
32 19 0
32 20 0
32 21 3
32 22 0
32 23 2
32 24 0
32 25 0
32 26 0
32 27 0
32 28 3
32 29 0
32 30 5
32 31 1
32 32 0
32 33 4
32 34 0
32 35 0
33 0 0
33 1 3
33 2 4
33 3 4
33 4 3
33 5 0
33 6 0
33 7 0
33 8 0
33 9 3
33 10 0
33 11 2
33 12 3
33 13 2
33 14 0
33 15 5
33 16 4
33 17 0
33 18 0
33 19 2
33 20 0
33 21 0
33 22 3
33 23 0
33 24 0
33 25 4
33 26 3
33 27 2
33 28 1
33 29 2
33 30 3
33 31 0
33 32 2
33 33 0
33 34 0
33 35 2
34 0 5
34 1 0
34 2 5
34 3 4
34 4 0
34 5 0
34 6 1
34 7 0
34 8 0
34 9 0
34 10 0
34 11 0
34 12 4
34 13 0
34 14 5
34 15 3
34 16 2
34 17 1
34 18 4
34 19 0
34 20 0
34 21 2
34 22 5
34 23 0
34 24 0
34 25 0
34 26 5
34 27 4
34 28 0
34 29 0
34 30 0
34 31 3
34 32 2
34 33 4
34 34 0
34 35 3
35 0 0
35 1 0
35 2 0
35 3 4
35 4 0
35 5 0
35 6 0
35 7 0
35 8 2
35 9 0
35 10 2
35 11 4
35 12 0
35 13 4
35 14 1
35 15 1
35 16 2
35 17 1
35 18 4
35 19 4
35 20 0
35 21 5
35 22 5
35 23 2
35 24 5
35 25 0
35 26 0
35 27 0
35 28 1
35 29 5
35 30 0
35 31 0
35 32 4
35 33 4
35 34 4
35 35 0
